600 108
[ 0.0, 0.0, 0.0 ]
[ 600.0, 0.0, 0.0 ]
[ 0.0, 108.0, 0.0 ]
[ 0.0, 3.0, 0.0 ]
[ 0.0, 28.0, 0.0 ]
[ 0.0, 69.0, 0.0 ]
[ 2.0, 102.0, 0.0 ]
[ 2.0, 106.0, 0.0 ]
[ 33.0, 107.0, 0.0 ]
[ 12.0, 88.0, 0.0 ]
[ 33.0, 74.0, 0.0 ]
[ 8.0, 58.0, 0.0 ]
[ 34.0, 36.0, 0.0 ]
[ 25.0, 26.0, 0.0 ]
[ 19.0, 11.0, 0.0 ]
[ 35.0, 3.0, 0.0 ]
[ 32.0, 51.0, 0.0 ]
[ 44.0, 30.0, 0.0 ]
[ 93.0, 3.0, 0.0 ]
[ 69.0, 13.0, 0.0 ]
[ 79.0, 28.0, 0.0 ]
[ 52.0, 45.0, 0.0 ]
[ 66.0, 51.0, 0.0 ]
[ 65.0, 80.0, 0.0 ]
[ 83.0, 91.0, 0.0 ]
[ 91.0, 107.0, 0.0 ]
[ 53.0, 106.0, 0.0 ]
[ 51.0, 92.0, 0.0 ]
[ 55.0, 0.0, 0.0 ]
[ 93.0, 54.0, 0.0 ]
[ 112.0, 46.0, 0.0 ]
[ 112.0, 14.0, 0.0 ]
[ 138.0, 35.0, 0.0 ]
[ 127.0, 4.0, 0.0 ]
[ 98.0, 28.0, 0.0 ]
[ 96.0, 74.0, 0.0 ]
[ 102.0, 87.0, 0.0 ]
[ 126.0, 56.0, 0.0 ]
[ 133.0, 72.0, 0.0 ]
[ 112.0, 98.0, 0.0 ]
[ 127.0, 103.0, 0.0 ]
[ 145.0, 76.0, 0.0 ]
[ 146.0, 107.0, 0.0 ]
[ 158.0, 73.0, 0.0 ]
[ 163.0, 89.0, 0.0 ]
[ 163.0, 107.0, 0.0 ]
[ 180.0, 98.0, 0.0 ]
[ 171.0, 65.0, 0.0 ]
[ 194.0, 86.0, 0.0 ]
[ 171.0, 50.0, 0.0 ]
[ 204.0, 60.0, 0.0 ]
[ 202.0, 37.0, 0.0 ]
[ 161.0, 35.0, 0.0 ]
[ 202.0, 52.0, 0.0 ]
[ 200.0, 74.0, 0.0 ]
[ 192.0, 24.0, 0.0 ]
[ 181.0, 10.0, 0.0 ]
[ 164.0, 4.0, 0.0 ]
[ 147.0, 1.0, 0.0 ]
[ 149.0, 33.0, 0.0 ]
[ 168.0, 43.0, 0.0 ]
[ 170.0, 58.0, 0.0 ]
[ 162.0, 74.0, 0.0 ]
[ 215.0, 80.0, 0.0 ]
[ 214.0, 105.0, 0.0 ]
[ 248.0, 107.0, 0.0 ]
[ 246.0, 94.0, 0.0 ]
[ 229.0, 82.0, 0.0 ]
[ 214.0, 65.0, 0.0 ]
[ 247.0, 71.0, 0.0 ]
[ 215.0, 49.0, 0.0 ]
[ 247.0, 53.0, 0.0 ]
[ 216.0, 33.0, 0.0 ]
[ 246.0, 38.0, 0.0 ]
[ 239.0, 27.0, 0.0 ]
[ 251.0, 34.0, 0.0 ]
[ 254.0, 23.0, 0.0 ]
[ 258.0, 40.0, 0.0 ]
[ 258.0, 81.0, 0.0 ]
[ 275.0, 65.0, 0.0 ]
[ 290.0, 93.0, 0.0 ]
[ 258.0, 97.0, 0.0 ]
[ 289.0, 107.0, 0.0 ]
[ 259.0, 106.0, 0.0 ]
[ 257.0, 54.0, 0.0 ]
[ 256.0, 82.0, 0.0 ]
[ 258.0, 51.0, 0.0 ]
[ 275.0, 37.0, 0.0 ]
[ 247.0, 13.0, 0.0 ]
[ 246.0, 1.0, 0.0 ]
[ 262.0, 1.0, 0.0 ]
[ 264.0, 17.0, 0.0 ]
[ 276.0, 6.0, 0.0 ]
[ 277.0, 23.0, 0.0 ]
[ 286.0, 18.0, 0.0 ]
[ 283.0, 37.0, 0.0 ]
[ 290.0, 33.0, 0.0 ]
[ 287.0, 66.0, 0.0 ]
[ 218.0, 17.0, 0.0 ]
[ 227.0, 9.0, 0.0 ]
[ 233.0, 3.0, 0.0 ]
[ 314.0, 60.0, 0.0 ]
[ 336.0, 64.0, 0.0 ]
[ 322.0, 82.0, 0.0 ]
[ 336.0, 83.0, 0.0 ]
[ 332.0, 99.0, 0.0 ]
[ 351.0, 98.0, 0.0 ]
[ 351.0, 107.0, 0.0 ]
[ 368.0, 98.0, 0.0 ]
[ 381.0, 106.0, 0.0 ]
[ 386.0, 91.0, 0.0 ]
[ 400.0, 93.0, 0.0 ]
[ 397.0, 80.0, 0.0 ]
[ 406.0, 70.0, 0.0 ]
[ 393.0, 63.0, 0.0 ]
[ 400.0, 54.0, 0.0 ]
[ 396.0, 46.0, 0.0 ]
[ 384.0, 54.0, 0.0 ]
[ 380.0, 48.0, 0.0 ]
[ 365.0, 47.0, 0.0 ]
[ 376.0, 61.0, 0.0 ]
[ 365.0, 60.0, 0.0 ]
[ 366.0, 70.0, 0.0 ]
[ 375.0, 70.0, 0.0 ]
[ 383.0, 76.0, 0.0 ]
[ 377.0, 77.0, 0.0 ]
[ 373.0, 84.0, 0.0 ]
[ 366.0, 78.0, 0.0 ]
[ 350.0, 82.0, 0.0 ]
[ 349.0, 69.0, 0.0 ]
[ 341.0, 60.0, 0.0 ]
[ 349.0, 51.0, 0.0 ]
[ 332.0, 42.0, 0.0 ]
[ 351.0, 41.0, 0.0 ]
[ 344.0, 33.0, 0.0 ]
[ 361.0, 34.0, 0.0 ]
[ 367.0, 18.0, 0.0 ]
[ 372.0, 33.0, 0.0 ]
[ 381.0, 23.0, 0.0 ]
[ 385.0, 35.0, 0.0 ]
[ 385.0, 6.0, 0.0 ]
[ 375.0, 1.0, 0.0 ]
[ 365.0, 10.0, 0.0 ]
[ 358.0, 1.0, 0.0 ]
[ 354.0, 18.0, 0.0 ]
[ 344.0, 5.0, 0.0 ]
[ 341.0, 22.0, 0.0 ]
[ 329.0, 13.0, 0.0 ]
[ 335.0, 27.0, 0.0 ]
[ 322.0, 26.0, 0.0 ]
[ 330.0, 36.0, 0.0 ]
[ 317.0, 37.0, 0.0 ]
[ 328.0, 53.0, 0.0 ]
[ 433.0, 73.0, 0.0 ]
[ 431.0, 63.0, 0.0 ]
[ 447.0, 61.0, 0.0 ]
[ 439.0, 45.0, 0.0 ]
[ 455.0, 43.0, 0.0 ]
[ 447.0, 19.0, 0.0 ]
[ 469.0, 23.0, 0.0 ]
[ 454.0, 2.0, 0.0 ]
[ 482.0, 10.0, 0.0 ]
[ 468.0, 21.0, 0.0 ]
[ 477.0, 29.0, 0.0 ]
[ 461.0, 49.0, 0.0 ]
[ 458.0, 74.0, 0.0 ]
[ 434.0, 85.0, 0.0 ]
[ 455.0, 90.0, 0.0 ]
[ 443.0, 99.0, 0.0 ]
[ 466.0, 98.0, 0.0 ]
[ 457.0, 106.0, 0.0 ]
[ 473.0, 99.0, 0.0 ]
[ 474.0, 107.0, 0.0 ]
[ 486.0, 96.0, 0.0 ]
[ 493.0, 105.0, 0.0 ]
[ 491.0, 89.0, 0.0 ]
[ 505.0, 94.0, 0.0 ]
[ 498.0, 80.0, 0.0 ]
[ 511.0, 82.0, 0.0 ]
[ 498.0, 65.0, 0.0 ]
[ 512.0, 71.0, 0.0 ]
[ 504.0, 58.0, 0.0 ]
[ 509.0, 53.0, 0.0 ]
[ 493.0, 50.0, 0.0 ]
[ 502.0, 43.0, 0.0 ]
[ 484.0, 45.0, 0.0 ]
[ 491.0, 35.0, 0.0 ]
[ 481.0, 30.0, 0.0 ]
[ 474.0, 48.0, 0.0 ]
[ 471.0, 58.0, 0.0 ]
[ 493.0, 59.0, 0.0 ]
[ 492.0, 68.0, 0.0 ]
[ 481.0, 64.0, 0.0 ]
[ 492.0, 70.0, 0.0 ]
[ 481.0, 71.0, 0.0 ]
[ 486.0, 79.0, 0.0 ]
[ 477.0, 77.0, 0.0 ]
[ 476.0, 85.0, 0.0 ]
[ 474.0, 78.0, 0.0 ]
[ 462.0, 91.0, 0.0 ]
[ 465.0, 74.0, 0.0 ]
[ 452.0, 81.0, 0.0 ]
[ 462.0, 71.0, 0.0 ]
[ 543.0, 1.0, 0.0 ]
[ 549.0, 15.0, 0.0 ]
[ 556.0, 4.0, 0.0 ]
[ 572.0, 9.0, 0.0 ]
[ 564.0, 28.0, 0.0 ]
[ 554.0, 26.0, 0.0 ]
[ 537.0, 18.0, 0.0 ]
[ 538.0, 37.0, 0.0 ]
[ 528.0, 39.0, 0.0 ]
[ 541.0, 46.0, 0.0 ]
[ 521.0, 60.0, 0.0 ]
[ 535.0, 66.0, 0.0 ]
[ 520.0, 74.0, 0.0 ]
[ 533.0, 77.0, 0.0 ]
[ 522.0, 86.0, 0.0 ]
[ 542.0, 87.0, 0.0 ]
[ 534.0, 96.0, 0.0 ]
[ 546.0, 94.0, 0.0 ]
[ 544.0, 107.0, 0.0 ]
[ 556.0, 98.0, 0.0 ]
[ 558.0, 107.0, 0.0 ]
[ 569.0, 95.0, 0.0 ]
[ 572.0, 106.0, 0.0 ]
[ 577.0, 91.0, 0.0 ]
[ 589.0, 96.0, 0.0 ]
[ 584.0, 80.0, 0.0 ]
[ 598.0, 79.0, 0.0 ]
[ 585.0, 66.0, 0.0 ]
[ 598.0, 62.0, 0.0 ]
[ 580.0, 53.0, 0.0 ]
[ 588.0, 48.0, 0.0 ]
[ 577.0, 35.0, 0.0 ]
[ 567.0, 56.0, 0.0 ]
[ 569.0, 33.0, 0.0 ]
[ 562.0, 46.0, 0.0 ]
[ 556.0, 59.0, 0.0 ]
[ 571.0, 65.0, 0.0 ]
[ 584.0, 70.0, 0.0 ]
[ 567.0, 75.0, 0.0 ]
[ 567.0, 86.0, 0.0 ]
[ 562.0, 79.0, 0.0 ]
[ 560.0, 92.0, 0.0 ]
[ 553.0, 75.0, 0.0 ]
[ 542.0, 81.0, 0.0 ]
[ 552.0, 67.0, 0.0 ]
[ 546.0, 54.0, 0.0 ]
[ 555.0, 53.0, 0.0 ]
[ 553.0, 33.0, 0.0 ]
[ 561.0, 34.0, 0.0 ]
[ 566.0, 18.0, 0.0 ]
[ 571.0, 9.0, 0.0 ]
[ 465.0, 0.0, 0.0 ]
