700 764
[ 0.0, 0.0, 0.0 ]
[ 700.0, 0.0, 0.0 ]
[ 700.0, 764.0, 0.0 ]
[ 0.0, 764.0, 0.0 ]
[ 108.0, 234.0, 0.0 ]
[ 49.0, 245.0, 0.0 ]
[ 19.0, 258.0, 0.0 ]
[ 13.0, 271.0, 0.0 ]
[ 19.0, 308.0, 0.0 ]
[ 31.0, 342.0, 0.0 ]
[ 51.0, 394.0, 0.0 ]
[ 57.0, 404.0, 0.0 ]
[ 60.0, 474.0, 0.0 ]
[ 75.0, 489.0, 0.0 ]
[ 81.0, 498.0, 0.0 ]
[ 95.0, 513.0, 0.0 ]
[ 106.0, 516.0, 0.0 ]
[ 114.0, 514.0, 0.0 ]
[ 144.0, 517.0, 0.0 ]
[ 164.0, 510.0, 0.0 ]
[ 176.0, 501.0, 0.0 ]
[ 185.0, 492.0, 0.0 ]
[ 201.0, 493.0, 0.0 ]
[ 205.0, 480.0, 0.0 ]
[ 243.0, 484.0, 0.0 ]
[ 240.0, 597.0, 0.0 ]
[ 266.0, 687.0, 0.0 ]
[ 259.0, 713.0, 0.0 ]
[ 228.0, 729.0, 0.0 ]
[ 208.0, 724.0, 0.0 ]
[ 202.0, 733.0, 0.0 ]
[ 183.0, 727.0, 0.0 ]
[ 156.0, 744.0, 0.0 ]
[ 154.0, 761.0, 0.0 ]
[ 180.0, 761.0, 0.0 ]
[ 232.0, 763.0, 0.0 ]
[ 299.0, 758.0, 0.0 ]
[ 317.0, 746.0, 0.0 ]
[ 302.0, 717.0, 0.0 ]
[ 288.0, 683.0, 0.0 ]
[ 277.0, 618.0, 0.0 ]
[ 269.0, 589.0, 0.0 ]
[ 285.0, 474.0, 0.0 ]
[ 300.0, 474.0, 0.0 ]
[ 364.0, 478.0, 0.0 ]
[ 415.0, 473.0, 0.0 ]
[ 456.0, 460.0, 0.0 ]
[ 483.0, 541.0, 0.0 ]
[ 495.0, 615.0, 0.0 ]
[ 493.0, 637.0, 0.0 ]
[ 503.0, 678.0, 0.0 ]
[ 484.0, 735.0, 0.0 ]
[ 489.0, 747.0, 0.0 ]
[ 520.0, 751.0, 0.0 ]
[ 559.0, 761.0, 0.0 ]
[ 620.0, 761.0, 0.0 ]
[ 669.0, 760.0, 0.0 ]
[ 681.0, 750.0, 0.0 ]
[ 679.0, 726.0, 0.0 ]
[ 647.0, 712.0, 0.0 ]
[ 602.0, 716.0, 0.0 ]
[ 563.0, 714.0, 0.0 ]
[ 535.0, 692.0, 0.0 ]
[ 523.0, 661.0, 0.0 ]
[ 518.0, 570.0, 0.0 ]
[ 512.0, 542.0, 0.0 ]
[ 500.0, 431.0, 0.0 ]
[ 517.0, 446.0, 0.0 ]
[ 531.0, 452.0, 0.0 ]
[ 537.0, 449.0, 0.0 ]
[ 568.0, 441.0, 0.0 ]
[ 566.0, 405.0, 0.0 ]
[ 557.0, 399.0, 0.0 ]
[ 571.0, 380.0, 0.0 ]
[ 661.0, 365.0, 0.0 ]
[ 685.0, 345.0, 0.0 ]
[ 643.0, 306.0, 0.0 ]
[ 544.0, 262.0, 0.0 ]
[ 520.0, 198.0, 0.0 ]
[ 474.0, 133.0, 0.0 ]
[ 474.0, 99.0, 0.0 ]
[ 455.0, 100.0, 0.0 ]
[ 452.0, 104.0, 0.0 ]
[ 438.0, 88.0, 0.0 ]
[ 452.0, 83.0, 0.0 ]
[ 456.0, 58.0, 0.0 ]
[ 437.0, 38.0, 0.0 ]
[ 409.0, 31.0, 0.0 ]
[ 395.0, 34.0, 0.0 ]
[ 375.0, 20.0, 0.0 ]
[ 341.0, 13.0, 0.0 ]
[ 276.0, 30.0, 0.0 ]
[ 255.0, 47.0, 0.0 ]
[ 245.0, 59.0, 0.0 ]
[ 234.0, 93.0, 0.0 ]
[ 237.0, 115.0, 0.0 ]
[ 221.0, 108.0, 0.0 ]
[ 215.0, 124.0, 0.0 ]
[ 220.0, 140.0, 0.0 ]
[ 223.0, 143.0, 0.0 ]
[ 181.0, 228.0, 0.0 ]
[ 263.0, 64.0, 0.0 ]
[ 265.0, 88.0, 0.0 ]
[ 285.0, 80.0, 0.0 ]
[ 290.0, 54.0, 0.0 ]
[ 295.0, 39.0, 0.0 ]
[ 313.0, 32.0, 0.0 ]
[ 321.0, 37.0, 0.0 ]
[ 324.0, 30.0, 0.0 ]
[ 338.0, 27.0, 0.0 ]
[ 345.0, 33.0, 0.0 ]
[ 341.0, 40.0, 0.0 ]
[ 353.0, 47.0, 0.0 ]
[ 337.0, 55.0, 0.0 ]
[ 320.0, 53.0, 0.0 ]
[ 317.0, 63.0, 0.0 ]
[ 301.0, 66.0, 0.0 ]
[ 301.0, 59.0, 0.0 ]
[ 345.0, 27.0, 0.0 ]
[ 354.0, 38.0, 0.0 ]
[ 359.0, 50.0, 0.0 ]
[ 371.0, 46.0, 0.0 ]
[ 365.0, 37.0, 0.0 ]
[ 369.0, 27.0, 0.0 ]
[ 347.0, 24.0, 0.0 ]
[ 323.0, 39.0, 0.0 ]
[ 311.0, 42.0, 0.0 ]
[ 310.0, 49.0, 0.0 ]
[ 326.0, 49.0, 0.0 ]
[ 335.0, 42.0, 0.0 ]
[ 227.0, 134.0, 0.0 ]
[ 232.0, 120.0, 0.0 ]
[ 241.0, 122.0, 0.0 ]
[ 268.0, 113.0, 0.0 ]
[ 284.0, 112.0, 0.0 ]
[ 318.0, 83.0, 0.0 ]
[ 365.0, 66.0, 0.0 ]
[ 408.0, 70.0, 0.0 ]
[ 341.0, 90.0, 0.0 ]
[ 398.0, 85.0, 0.0 ]
[ 444.0, 113.0, 0.0 ]
[ 400.0, 103.0, 0.0 ]
[ 351.0, 94.0, 0.0 ]
[ 299.0, 118.0, 0.0 ]
[ 280.0, 143.0, 0.0 ]
[ 267.0, 190.0, 0.0 ]
[ 270.0, 224.0, 0.0 ]
[ 291.0, 258.0, 0.0 ]
[ 314.0, 277.0, 0.0 ]
[ 277.0, 184.0, 0.0 ]
[ 297.0, 137.0, 0.0 ]
[ 320.0, 120.0, 0.0 ]
[ 353.0, 111.0, 0.0 ]
[ 397.0, 112.0, 0.0 ]
[ 431.0, 128.0, 0.0 ]
[ 461.0, 152.0, 0.0 ]
[ 474.0, 176.0, 0.0 ]
[ 477.0, 206.0, 0.0 ]
[ 459.0, 239.0, 0.0 ]
[ 435.0, 253.0, 0.0 ]
[ 402.0, 264.0, 0.0 ]
[ 366.0, 266.0, 0.0 ]
[ 328.0, 260.0, 0.0 ]
[ 293.0, 237.0, 0.0 ]
[ 278.0, 212.0, 0.0 ]
[ 316.0, 182.0, 0.0 ]
[ 351.0, 147.0, 0.0 ]
[ 393.0, 154.0, 0.0 ]
[ 408.0, 186.0, 0.0 ]
[ 402.0, 211.0, 0.0 ]
[ 387.0, 230.0, 0.0 ]
[ 362.0, 238.0, 0.0 ]
[ 339.0, 231.0, 0.0 ]
[ 317.0, 214.0, 0.0 ]
[ 328.0, 158.0, 0.0 ]
[ 345.0, 168.0, 0.0 ]
[ 371.0, 167.0, 0.0 ]
[ 381.0, 178.0, 0.0 ]
[ 387.0, 205.0, 0.0 ]
[ 372.0, 217.0, 0.0 ]
[ 352.0, 215.0, 0.0 ]
[ 339.0, 206.0, 0.0 ]
[ 333.0, 190.0, 0.0 ]
[ 337.0, 180.0, 0.0 ]
[ 257.0, 253.0, 0.0 ]
[ 229.0, 262.0, 0.0 ]
[ 258.0, 275.0, 0.0 ]
[ 298.0, 296.0, 0.0 ]
[ 334.0, 305.0, 0.0 ]
[ 379.0, 305.0, 0.0 ]
[ 413.0, 305.0, 0.0 ]
[ 466.0, 307.0, 0.0 ]
[ 499.0, 299.0, 0.0 ]
[ 489.0, 315.0, 0.0 ]
[ 464.0, 341.0, 0.0 ]
[ 424.0, 367.0, 0.0 ]
[ 372.0, 371.0, 0.0 ]
[ 332.0, 365.0, 0.0 ]
[ 301.0, 347.0, 0.0 ]
[ 276.0, 324.0, 0.0 ]
[ 260.0, 304.0, 0.0 ]
[ 243.0, 278.0, 0.0 ]
[ 272.0, 287.0, 0.0 ]
[ 269.0, 310.0, 0.0 ]
[ 278.0, 321.0, 0.0 ]
[ 288.0, 319.0, 0.0 ]
[ 289.0, 309.0, 0.0 ]
[ 291.0, 300.0, 0.0 ]
[ 298.0, 324.0, 0.0 ]
[ 313.0, 325.0, 0.0 ]
[ 321.0, 323.0, 0.0 ]
[ 333.0, 330.0, 0.0 ]
[ 348.0, 327.0, 0.0 ]
[ 361.0, 327.0, 0.0 ]
[ 374.0, 348.0, 0.0 ]
[ 387.0, 346.0, 0.0 ]
[ 402.0, 326.0, 0.0 ]
[ 416.0, 342.0, 0.0 ]
[ 434.0, 347.0, 0.0 ]
[ 449.0, 325.0, 0.0 ]
[ 464.0, 329.0, 0.0 ]
[ 480.0, 323.0, 0.0 ]
[ 427.0, 366.0, 0.0 ]
[ 414.0, 359.0, 0.0 ]
[ 398.0, 369.0, 0.0 ]
[ 374.0, 358.0, 0.0 ]
[ 362.0, 363.0, 0.0 ]
[ 359.0, 373.0, 0.0 ]
[ 345.0, 358.0, 0.0 ]
[ 287.0, 339.0, 0.0 ]
[ 322.0, 353.0, 0.0 ]
[ 314.0, 358.0, 0.0 ]
[ 551.0, 308.0, 0.0 ]
[ 610.0, 331.0, 0.0 ]
[ 621.0, 339.0, 0.0 ]
[ 585.0, 349.0, 0.0 ]
[ 544.0, 361.0, 0.0 ]
[ 52.0, 281.0, 0.0 ]
[ 132.0, 269.0, 0.0 ]
[ 113.0, 281.0, 0.0 ]
[ 94.0, 282.0, 0.0 ]
[ 64.0, 291.0, 0.0 ]
[ 57.0, 291.0, 0.0 ]
[ 134.0, 268.0, 0.0 ]
[ 97.0, 294.0, 0.0 ]
[ 144.0, 298.0, 0.0 ]
[ 132.0, 368.0, 0.0 ]
[ 94.0, 344.0, 0.0 ]
[ 70.0, 359.0, 0.0 ]
[ 77.0, 391.0, 0.0 ]
[ 63.0, 331.0, 0.0 ]
[ 53.0, 307.0, 0.0 ]
[ 103.0, 412.0, 0.0 ]
[ 124.0, 433.0, 0.0 ]
[ 148.0, 447.0, 0.0 ]
[ 154.0, 468.0, 0.0 ]
[ 143.0, 478.0, 0.0 ]
[ 123.0, 467.0, 0.0 ]
[ 115.0, 457.0, 0.0 ]
[ 116.0, 466.0, 0.0 ]
[ 120.0, 484.0, 0.0 ]
[ 136.0, 492.0, 0.0 ]
[ 158.0, 492.0, 0.0 ]
[ 180.0, 496.0, 0.0 ]
[ 180.0, 503.0, 0.0 ]
[ 158.0, 417.0, 0.0 ]
[ 177.0, 367.0, 0.0 ]
[ 187.0, 326.0, 0.0 ]
[ 207.0, 383.0, 0.0 ]
[ 220.0, 443.0, 0.0 ]
[ 220.0, 469.0, 0.0 ]
[ 212.0, 282.0, 0.0 ]
[ 221.0, 313.0, 0.0 ]
[ 228.0, 348.0, 0.0 ]
[ 245.0, 389.0, 0.0 ]
[ 244.0, 423.0, 0.0 ]
[ 255.0, 452.0, 0.0 ]
[ 259.0, 476.0, 0.0 ]
[ 220.0, 479.0, 0.0 ]
[ 206.0, 428.0, 0.0 ]
[ 196.0, 377.0, 0.0 ]
[ 174.0, 307.0, 0.0 ]
[ 167.0, 280.0, 0.0 ]
[ 132.0, 281.0, 0.0 ]
[ 503.0, 485.0, 0.0 ]
[ 547.0, 425.0, 0.0 ]
[ 541.0, 420.0, 0.0 ]
[ 93.0, 364.0, 0.0 ]
[ 107.0, 356.0, 0.0 ]
[ 121.0, 358.0, 0.0 ]
[ 108.0, 379.0, 0.0 ]
[ 82.0, 381.0, 0.0 ]
[ 106.0, 398.0, 0.0 ]
[ 118.0, 398.0, 0.0 ]
[ 101.0, 398.0, 0.0 ]
[ 69.0, 285.0, 0.0 ]
[ 69.0, 277.0, 0.0 ]
[ 92.0, 272.0, 0.0 ]
[ 112.0, 270.0, 0.0 ]
[ 127.0, 266.0, 0.0 ]
[ 161.0, 263.0, 0.0 ]
[ 283.0, 168.0, 0.0 ]
[ 270.0, 165.0, 0.0 ]
[ 300.0, 116.0, 0.0 ]
[ 324.0, 103.0, 0.0 ]
[ 343.0, 95.0, 0.0 ]
[ 202.0, 186.0, 0.0 ]
[ 231.0, 195.0, 0.0 ]
[ 599.0, 739.0, 0.0 ]
[ 591.0, 749.0, 0.0 ]
[ 596.0, 758.0, 0.0 ]
[ 610.0, 760.0, 0.0 ]
[ 614.0, 746.0, 0.0 ]
[ 603.0, 739.0, 0.0 ]
[ 651.0, 730.0, 0.0 ]
[ 648.0, 740.0, 0.0 ]
[ 648.0, 750.0, 0.0 ]
[ 663.0, 758.0, 0.0 ]
[ 674.0, 751.0, 0.0 ]
[ 668.0, 741.0, 0.0 ]
[ 660.0, 730.0, 0.0 ]
[ 194.0, 742.0, 0.0 ]
[ 204.0, 747.0, 0.0 ]
[ 208.0, 755.0, 0.0 ]
[ 206.0, 762.0, 0.0 ]
[ 167.0, 742.0, 0.0 ]
[ 169.0, 753.0, 0.0 ]
[ 164.0, 757.0, 0.0 ]
[ 651.0, 336.0, 0.0 ]
[ 570.0, 291.0, 0.0 ]
[ 596.0, 303.0, 0.0 ]
[ 572.0, 314.0, 0.0 ]
[ 127.0, 294.0, 0.0 ]
[ 150.0, 296.0, 0.0 ]
[ 151.0, 322.0, 0.0 ]
[ 155.0, 351.0, 0.0 ]
[ 156.0, 384.0, 0.0 ]
[ 162.0, 439.0, 0.0 ]
[ 166.0, 469.0, 0.0 ]
[ 170.0, 354.0, 0.0 ]
[ 177.0, 387.0, 0.0 ]
[ 184.0, 412.0, 0.0 ]
[ 189.0, 439.0, 0.0 ]
[ 194.0, 465.0, 0.0 ]
[ 197.0, 487.0, 0.0 ]
[ 206.0, 411.0, 0.0 ]
[ 192.0, 359.0, 0.0 ]
[ 175.0, 297.0, 0.0 ]
[ 15.0, 266.0, 0.0 ]
