800 785
[ 0.0, 0.0, 0.0 ]
[ 800.0, 0.0, 0.0 ]
[ 800.0, 785.0, 0.0 ]
[ 0.0, 785.0, 0.0 ]
[ 87.0, 277.0, 0.0 ]
[ 94.0, 263.0, 0.0 ]
[ 102.0, 253.0, 0.0 ]
[ 106.0, 256.0, 0.0 ]
[ 116.0, 251.0, 0.0 ]
[ 124.0, 256.0, 0.0 ]
[ 133.0, 269.0, 0.0 ]
[ 137.0, 285.0, 0.0 ]
[ 140.0, 297.0, 0.0 ]
[ 127.0, 288.0, 0.0 ]
[ 130.0, 272.0, 0.0 ]
[ 123.0, 265.0, 0.0 ]
[ 111.0, 262.0, 0.0 ]
[ 106.0, 273.0, 0.0 ]
[ 106.0, 277.0, 0.0 ]
[ 109.0, 282.0, 0.0 ]
[ 120.0, 282.0, 0.0 ]
[ 130.0, 279.0, 0.0 ]
[ 103.0, 270.0, 0.0 ]
[ 100.0, 262.0, 0.0 ]
[ 90.0, 269.0, 0.0 ]
[ 96.0, 271.0, 0.0 ]
[ 84.0, 286.0, 0.0 ]
[ 47.0, 314.0, 0.0 ]
[ 60.0, 317.0, 0.0 ]
[ 80.0, 321.0, 0.0 ]
[ 64.0, 300.0, 0.0 ]
[ 64.0, 283.0, 0.0 ]
[ 78.0, 287.0, 0.0 ]
[ 54.0, 291.0, 0.0 ]
[ 57.0, 297.0, 0.0 ]
[ 83.0, 311.0, 0.0 ]
[ 106.0, 308.0, 0.0 ]
[ 121.0, 301.0, 0.0 ]
[ 133.0, 294.0, 0.0 ]
[ 113.0, 320.0, 0.0 ]
[ 124.0, 332.0, 0.0 ]
[ 118.0, 346.0, 0.0 ]
[ 101.0, 326.0, 0.0 ]
[ 138.0, 318.0, 0.0 ]
[ 144.0, 342.0, 0.0 ]
[ 151.0, 370.0, 0.0 ]
[ 127.0, 374.0, 0.0 ]
[ 141.0, 401.0, 0.0 ]
[ 154.0, 425.0, 0.0 ]
[ 161.0, 438.0, 0.0 ]
[ 185.0, 466.0, 0.0 ]
[ 203.0, 487.0, 0.0 ]
[ 232.0, 506.0, 0.0 ]
[ 248.0, 519.0, 0.0 ]
[ 263.0, 529.0, 0.0 ]
[ 270.0, 537.0, 0.0 ]
[ 235.0, 549.0, 0.0 ]
[ 214.0, 552.0, 0.0 ]
[ 194.0, 557.0, 0.0 ]
[ 185.0, 570.0, 0.0 ]
[ 183.0, 586.0, 0.0 ]
[ 168.0, 594.0, 0.0 ]
[ 153.0, 593.0, 0.0 ]
[ 141.0, 586.0, 0.0 ]
[ 122.0, 586.0, 0.0 ]
[ 124.0, 605.0, 0.0 ]
[ 131.0, 625.0, 0.0 ]
[ 136.0, 637.0, 0.0 ]
[ 163.0, 656.0, 0.0 ]
[ 187.0, 656.0, 0.0 ]
[ 196.0, 632.0, 0.0 ]
[ 203.0, 611.0, 0.0 ]
[ 223.0, 582.0, 0.0 ]
[ 242.0, 576.0, 0.0 ]
[ 268.0, 567.0, 0.0 ]
[ 288.0, 564.0, 0.0 ]
[ 295.0, 570.0, 0.0 ]
[ 308.0, 579.0, 0.0 ]
[ 316.0, 589.0, 0.0 ]
[ 309.0, 606.0, 0.0 ]
[ 300.0, 624.0, 0.0 ]
[ 294.0, 639.0, 0.0 ]
[ 300.0, 654.0, 0.0 ]
[ 286.0, 652.0, 0.0 ]
[ 289.0, 638.0, 0.0 ]
[ 292.0, 624.0, 0.0 ]
[ 313.0, 666.0, 0.0 ]
[ 316.0, 671.0, 0.0 ]
[ 317.0, 680.0, 0.0 ]
[ 305.0, 697.0, 0.0 ]
[ 303.0, 704.0, 0.0 ]
[ 368.0, 701.0, 0.0 ]
[ 383.0, 691.0, 0.0 ]
[ 386.0, 672.0, 0.0 ]
[ 372.0, 661.0, 0.0 ]
[ 350.0, 653.0, 0.0 ]
[ 335.0, 645.0, 0.0 ]
[ 327.0, 634.0, 0.0 ]
[ 333.0, 613.0, 0.0 ]
[ 336.0, 602.0, 0.0 ]
[ 355.0, 601.0, 0.0 ]
[ 387.0, 605.0, 0.0 ]
[ 405.0, 605.0, 0.0 ]
[ 407.0, 605.0, 0.0 ]
[ 402.0, 618.0, 0.0 ]
[ 399.0, 635.0, 0.0 ]
[ 399.0, 651.0, 0.0 ]
[ 412.0, 659.0, 0.0 ]
[ 423.0, 668.0, 0.0 ]
[ 435.0, 676.0, 0.0 ]
[ 420.0, 695.0, 0.0 ]
[ 417.0, 707.0, 0.0 ]
[ 432.0, 711.0, 0.0 ]
[ 474.0, 707.0, 0.0 ]
[ 501.0, 706.0, 0.0 ]
[ 487.0, 682.0, 0.0 ]
[ 462.0, 657.0, 0.0 ]
[ 440.0, 637.0, 0.0 ]
[ 435.0, 616.0, 0.0 ]
[ 436.0, 604.0, 0.0 ]
[ 449.0, 598.0, 0.0 ]
[ 459.0, 612.0, 0.0 ]
[ 463.0, 631.0, 0.0 ]
[ 470.0, 647.0, 0.0 ]
[ 487.0, 651.0, 0.0 ]
[ 504.0, 651.0, 0.0 ]
[ 528.0, 648.0, 0.0 ]
[ 541.0, 651.0, 0.0 ]
[ 549.0, 663.0, 0.0 ]
[ 540.0, 664.0, 0.0 ]
[ 552.0, 672.0, 0.0 ]
[ 569.0, 660.0, 0.0 ]
[ 568.0, 639.0, 0.0 ]
[ 568.0, 616.0, 0.0 ]
[ 558.0, 593.0, 0.0 ]
[ 538.0, 602.0, 0.0 ]
[ 523.0, 610.0, 0.0 ]
[ 507.0, 612.0, 0.0 ]
[ 495.0, 609.0, 0.0 ]
[ 486.0, 598.0, 0.0 ]
[ 476.0, 587.0, 0.0 ]
[ 480.0, 585.0, 0.0 ]
[ 521.0, 582.0, 0.0 ]
[ 548.0, 577.0, 0.0 ]
[ 572.0, 568.0, 0.0 ]
[ 596.0, 559.0, 0.0 ]
[ 617.0, 556.0, 0.0 ]
[ 648.0, 538.0, 0.0 ]
[ 679.0, 528.0, 0.0 ]
[ 712.0, 518.0, 0.0 ]
[ 747.0, 512.0, 0.0 ]
[ 784.0, 516.0, 0.0 ]
[ 777.0, 509.0, 0.0 ]
[ 741.0, 496.0, 0.0 ]
[ 708.0, 498.0, 0.0 ]
[ 669.0, 503.0, 0.0 ]
[ 640.0, 506.0, 0.0 ]
[ 609.0, 512.0, 0.0 ]
[ 592.0, 517.0, 0.0 ]
[ 553.0, 519.0, 0.0 ]
[ 525.0, 523.0, 0.0 ]
[ 497.0, 513.0, 0.0 ]
[ 474.0, 489.0, 0.0 ]
[ 448.0, 462.0, 0.0 ]
[ 423.0, 450.0, 0.0 ]
[ 390.0, 446.0, 0.0 ]
[ 352.0, 450.0, 0.0 ]
[ 326.0, 458.0, 0.0 ]
[ 296.0, 466.0, 0.0 ]
[ 271.0, 463.0, 0.0 ]
[ 235.0, 452.0, 0.0 ]
[ 198.0, 437.0, 0.0 ]
[ 185.0, 416.0, 0.0 ]
[ 158.0, 391.0, 0.0 ]
[ 208.0, 432.0, 0.0 ]
[ 166.0, 390.0, 0.0 ]
[ 264.0, 524.0, 0.0 ]
[ 279.0, 503.0, 0.0 ]
[ 300.0, 507.0, 0.0 ]
[ 316.0, 527.0, 0.0 ]
[ 322.0, 546.0, 0.0 ]
[ 306.0, 560.0, 0.0 ]
[ 353.0, 525.0, 0.0 ]
[ 387.0, 522.0, 0.0 ]
[ 424.0, 540.0, 0.0 ]
[ 421.0, 554.0, 0.0 ]
[ 419.0, 579.0, 0.0 ]
[ 400.0, 583.0, 0.0 ]
[ 379.0, 583.0, 0.0 ]
[ 353.0, 580.0, 0.0 ]
[ 333.0, 567.0, 0.0 ]
[ 441.0, 567.0, 0.0 ]
[ 453.0, 546.0, 0.0 ]
[ 466.0, 525.0, 0.0 ]
[ 482.0, 507.0, 0.0 ]
[ 477.0, 550.0, 0.0 ]
[ 489.0, 566.0, 0.0 ]
[ 509.0, 558.0, 0.0 ]
[ 561.0, 543.0, 0.0 ]
[ 593.0, 535.0, 0.0 ]
[ 621.0, 528.0, 0.0 ]
[ 657.0, 517.0, 0.0 ]
[ 681.0, 507.0, 0.0 ]
[ 348.0, 681.0, 0.0 ]
[ 358.0, 674.0, 0.0 ]
[ 326.0, 692.0, 0.0 ]
[ 315.0, 690.0, 0.0 ]
[ 311.0, 693.0, 0.0 ]
[ 314.0, 695.0, 0.0 ]
[ 315.0, 703.0, 0.0 ]
[ 431.0, 691.0, 0.0 ]
[ 438.0, 700.0, 0.0 ]
[ 438.0, 705.0, 0.0 ]
[ 447.0, 694.0, 0.0 ]
[ 456.0, 692.0, 0.0 ]
[ 461.0, 699.0, 0.0 ]
[ 464.0, 709.0, 0.0 ]
[ 467.0, 685.0, 0.0 ]
[ 462.0, 677.0, 0.0 ]
[ 494.0, 705.0, 0.0 ]
[ 333.0, 704.0, 0.0 ]
[ 141.0, 611.0, 0.0 ]
[ 134.0, 608.0, 0.0 ]
[ 130.0, 586.0, 0.0 ]
[ 142.0, 590.0, 0.0 ]
[ 156.0, 598.0, 0.0 ]
[ 167.0, 609.0, 0.0 ]
[ 169.0, 620.0, 0.0 ]
[ 160.0, 627.0, 0.0 ]
[ 154.0, 629.0, 0.0 ]
[ 148.0, 624.0, 0.0 ]
[ 53.0, 281.0, 0.0 ]
[ 48.0, 314.0, 0.0 ]
[ 46.0, 288.0, 0.0 ]
[ 43.0, 295.0, 0.0 ]
[ 43.0, 306.0, 0.0 ]
[ 45.0, 311.0, 0.0 ]
[ 49.0, 314.0, 0.0 ]
[ 9.0, 215.0, 0.0 ]
