800 760
[ 0.0, 0.0, 0.0 ]
[ 800.0, 0.0, 0.0 ]
[ 800.0, 760.0, 0.0 ]
[ 0.0, 760.0, 0.0 ]
[ 473.0, 147.0, 0.0 ]
[ 491.0, 164.0, 0.0 ]
[ 463.0, 163.0, 0.0 ]
[ 447.0, 174.0, 0.0 ]
[ 448.0, 184.0, 0.0 ]
[ 461.0, 191.0, 0.0 ]
[ 470.0, 175.0, 0.0 ]
[ 507.0, 176.0, 0.0 ]
[ 505.0, 165.0, 0.0 ]
[ 497.0, 144.0, 0.0 ]
[ 518.0, 148.0, 0.0 ]
[ 511.0, 152.0, 0.0 ]
[ 515.0, 155.0, 0.0 ]
[ 522.0, 156.0, 0.0 ]
[ 536.0, 161.0, 0.0 ]
[ 550.0, 167.0, 0.0 ]
[ 557.0, 176.0, 0.0 ]
[ 543.0, 176.0, 0.0 ]
[ 534.0, 169.0, 0.0 ]
[ 526.0, 173.0, 0.0 ]
[ 528.0, 181.0, 0.0 ]
[ 521.0, 187.0, 0.0 ]
[ 520.0, 201.0, 0.0 ]
[ 495.0, 179.0, 0.0 ]
[ 478.0, 183.0, 0.0 ]
[ 460.0, 195.0, 0.0 ]
[ 460.0, 208.0, 0.0 ]
[ 464.0, 207.0, 0.0 ]
[ 470.0, 222.0, 0.0 ]
[ 463.0, 227.0, 0.0 ]
[ 478.0, 230.0, 0.0 ]
[ 471.0, 230.0, 0.0 ]
[ 492.0, 226.0, 0.0 ]
[ 481.0, 212.0, 0.0 ]
[ 488.0, 198.0, 0.0 ]
[ 504.0, 200.0, 0.0 ]
[ 507.0, 209.0, 0.0 ]
[ 509.0, 217.0, 0.0 ]
[ 531.0, 223.0, 0.0 ]
[ 557.0, 208.0, 0.0 ]
[ 591.0, 199.0, 0.0 ]
[ 583.0, 171.0, 0.0 ]
[ 608.0, 175.0, 0.0 ]
[ 629.0, 180.0, 0.0 ]
[ 610.0, 200.0, 0.0 ]
[ 615.0, 223.0, 0.0 ]
[ 636.0, 234.0, 0.0 ]
[ 656.0, 236.0, 0.0 ]
[ 677.0, 220.0, 0.0 ]
[ 677.0, 206.0, 0.0 ]
[ 662.0, 188.0, 0.0 ]
[ 649.0, 181.0, 0.0 ]
[ 442.0, 212.0, 0.0 ]
[ 409.0, 221.0, 0.0 ]
[ 350.0, 227.0, 0.0 ]
[ 337.0, 232.0, 0.0 ]
[ 332.0, 249.0, 0.0 ]
[ 342.0, 275.0, 0.0 ]
[ 361.0, 289.0, 0.0 ]
[ 385.0, 302.0, 0.0 ]
[ 412.0, 305.0, 0.0 ]
[ 426.0, 302.0, 0.0 ]
[ 421.0, 257.0, 0.0 ]
[ 385.0, 246.0, 0.0 ]
[ 371.0, 238.0, 0.0 ]
[ 432.0, 269.0, 0.0 ]
[ 484.0, 277.0, 0.0 ]
[ 536.0, 247.0, 0.0 ]
[ 571.0, 259.0, 0.0 ]
[ 591.0, 276.0, 0.0 ]
[ 608.0, 282.0, 0.0 ]
[ 573.0, 294.0, 0.0 ]
[ 539.0, 290.0, 0.0 ]
[ 521.0, 284.0, 0.0 ]
[ 521.0, 294.0, 0.0 ]
[ 538.0, 300.0, 0.0 ]
[ 539.0, 309.0, 0.0 ]
[ 565.0, 297.0, 0.0 ]
[ 566.0, 317.0, 0.0 ]
[ 552.0, 332.0, 0.0 ]
[ 536.0, 326.0, 0.0 ]
[ 517.0, 313.0, 0.0 ]
[ 495.0, 291.0, 0.0 ]
[ 491.0, 288.0, 0.0 ]
[ 466.0, 326.0, 0.0 ]
[ 407.0, 328.0, 0.0 ]
[ 384.0, 360.0, 0.0 ]
[ 365.0, 388.0, 0.0 ]
[ 327.0, 429.0, 0.0 ]
[ 302.0, 476.0, 0.0 ]
[ 277.0, 525.0, 0.0 ]
[ 279.0, 563.0, 0.0 ]
[ 286.0, 607.0, 0.0 ]
[ 300.0, 659.0, 0.0 ]
[ 324.0, 689.0, 0.0 ]
[ 284.0, 643.0, 0.0 ]
[ 206.0, 660.0, 0.0 ]
[ 140.0, 674.0, 0.0 ]
[ 117.0, 691.0, 0.0 ]
[ 126.0, 709.0, 0.0 ]
[ 164.0, 718.0, 0.0 ]
[ 191.0, 718.0, 0.0 ]
[ 186.0, 709.0, 0.0 ]
[ 148.0, 701.0, 0.0 ]
[ 135.0, 695.0, 0.0 ]
[ 148.0, 687.0, 0.0 ]
[ 182.0, 678.0, 0.0 ]
[ 223.0, 675.0, 0.0 ]
[ 270.0, 668.0, 0.0 ]
[ 297.0, 661.0, 0.0 ]
[ 359.0, 699.0, 0.0 ]
[ 382.0, 716.0, 0.0 ]
[ 371.0, 724.0, 0.0 ]
[ 345.0, 707.0, 0.0 ]
[ 336.0, 698.0, 0.0 ]
[ 372.0, 695.0, 0.0 ]
[ 389.0, 695.0, 0.0 ]
[ 398.0, 706.0, 0.0 ]
[ 404.0, 721.0, 0.0 ]
[ 392.0, 722.0, 0.0 ]
[ 412.0, 712.0, 0.0 ]
[ 412.0, 700.0, 0.0 ]
[ 410.0, 692.0, 0.0 ]
[ 394.0, 691.0, 0.0 ]
[ 357.0, 627.0, 0.0 ]
[ 345.0, 562.0, 0.0 ]
[ 389.0, 527.0, 0.0 ]
[ 403.0, 491.0, 0.0 ]
[ 422.0, 532.0, 0.0 ]
[ 432.0, 545.0, 0.0 ]
[ 430.0, 501.0, 0.0 ]
[ 444.0, 537.0, 0.0 ]
[ 460.0, 528.0, 0.0 ]
[ 448.0, 492.0, 0.0 ]
[ 404.0, 452.0, 0.0 ]
[ 385.0, 441.0, 0.0 ]
[ 455.0, 403.0, 0.0 ]
[ 498.0, 350.0, 0.0 ]
[ 443.0, 361.0, 0.0 ]
[ 404.0, 368.0, 0.0 ]
[ 578.0, 341.0, 0.0 ]
[ 628.0, 348.0, 0.0 ]
[ 642.0, 339.0, 0.0 ]
[ 650.0, 303.0, 0.0 ]
[ 638.0, 272.0, 0.0 ]
[ 651.0, 272.0, 0.0 ]
[ 653.0, 258.0, 0.0 ]
[ 687.0, 270.0, 0.0 ]
[ 688.0, 282.0, 0.0 ]
[ 702.0, 259.0, 0.0 ]
[ 712.0, 280.0, 0.0 ]
[ 707.0, 310.0, 0.0 ]
[ 688.0, 336.0, 0.0 ]
[ 666.0, 349.0, 0.0 ]
[ 650.0, 375.0, 0.0 ]
[ 604.0, 398.0, 0.0 ]
[ 552.0, 413.0, 0.0 ]
[ 529.0, 430.0, 0.0 ]
[ 504.0, 464.0, 0.0 ]
[ 525.0, 478.0, 0.0 ]
[ 515.0, 530.0, 0.0 ]
[ 525.0, 588.0, 0.0 ]
[ 531.0, 628.0, 0.0 ]
[ 471.0, 637.0, 0.0 ]
[ 470.0, 677.0, 0.0 ]
[ 514.0, 676.0, 0.0 ]
[ 527.0, 666.0, 0.0 ]
[ 534.0, 662.0, 0.0 ]
[ 552.0, 687.0, 0.0 ]
[ 548.0, 699.0, 0.0 ]
[ 518.0, 694.0, 0.0 ]
[ 459.0, 693.0, 0.0 ]
[ 660.0, 267.0, 0.0 ]
[ 682.0, 274.0, 0.0 ]
[ 687.0, 287.0, 0.0 ]
[ 669.0, 286.0, 0.0 ]
[ 673.0, 300.0, 0.0 ]
[ 670.0, 303.0, 0.0 ]
[ 662.0, 295.0, 0.0 ]
[ 661.0, 284.0, 0.0 ]
[ 690.0, 253.0, 0.0 ]
[ 704.0, 257.0, 0.0 ]
[ 701.0, 295.0, 0.0 ]
[ 714.0, 286.0, 0.0 ]
[ 670.0, 0.0, 0.0 ]
